       1.8405339
       1.7995598
       1.6851656
       1.5362735
       1.3832650
       1.2427528
       1.1257035
       1.0364075
      0.96899181
      0.92387581
      0.89551803
      0.88506483
      0.88536670
      0.89780544
      0.91800170
      0.94482410
      0.97477724
       1.0045956
       1.0301810
       1.0527344
       1.0640120
       1.0674347
       1.0631870
       1.0510841
       1.0340435
       1.0157301
      0.99684975
      0.98080545
      0.96967796
      0.96169859
      0.95878879
      0.96169421
      0.96680289
      0.97786467
      0.98977054
       1.0025610
       1.0141906
       1.0231640
       1.0279930
       1.0297868
       1.0268889
       1.0210889
       1.0113948
       1.0019181
      0.99332512
      0.98796107
      0.97930994
      0.97755008
      0.97789974
      0.98035112
      0.98674706
      0.99389117
       1.0000999
       1.0086862
       1.0147252
       1.0178297
       1.0191051
       1.0175878
       1.0112353
       1.0057463
      0.99913164
      0.99378482
      0.98560231
      0.98328890
      0.87769997
      0.98278909
      0.98767113
      0.99340032
       1.0002955
       1.0068393
       1.0127094
       1.0159458
       1.0189755
       1.0185341
       1.0154288
       1.0087308
       1.0001007
      0.99265041
      0.98639596
      0.98100122
      0.97719858
      0.97832027
      0.98053123
      0.98570367
      0.99314521
       1.0031553
       1.0131963
       1.0221489
       1.0260906
       1.0306152
       1.0280563
       1.0221871
       1.0127471
       1.0023698
      0.98932033
      0.97776732
      0.96746176
      0.95928867
      0.95851220
      0.96093385
      0.96777693
      0.98113887
      0.99730522
       1.0164385
       1.0350572
       1.0509749
       1.0628670
       1.0681061
       1.0649811
       1.0517838
       1.0305917
       1.0041851
      0.97517966
      0.94512601
      0.91675673
      0.89686973
      0.88559749
      0.88454083
      0.89681130
      0.92462395
      0.96894248
       1.0338084
       1.1262970
       1.2419443
       1.3834490
       1.5376556
       1.6886102
       1.8005733
