       1.7808090
       1.6459053
       1.3685904
       1.1256043
      0.97490866
      0.90377904
      0.89211793
      0.92205713
      0.97493385
       1.0284905
       1.0592435
       1.0587213
       1.0328298
      0.99743282
      0.97034051
      0.96045743
      0.96905490
      0.99001827
       1.0114993
       1.0255379
       1.0248593
       1.0103467
      0.99286249
      0.98012285
      0.97818093
      0.98561791
      0.99918617
       1.0114510
       1.0155730
       1.0097713
      0.99588549
      0.98468670
      0.92413987
      0.98517741
      0.99727314
       1.0081560
       1.0147591
       1.0099437
      0.99768405
      0.98425556
      0.97512644
      0.97807857
      0.98958245
       1.0082991
       1.0220128
       1.0223827
       1.0090373
      0.98688694
      0.96574965
      0.95746976
      0.96670333
      0.99529086
       1.0292836
       1.0553098
       1.0559442
       1.0235172
      0.97058674
      0.91803848
      0.88817431
      0.89912764
      0.97079145
       1.1223667
       1.3619344
       1.6435683
